00161
00339
00680
00781
00782
01088
01179
01356
01367
01745
01857
01981
02134
02357
02494
02638
02804
02884
03133
03393
03682
03698
04120
04237
04256
04273
04303
04547
04655
05003
05176
05190
05257
05614
05620
05747
06028
06040
06041
06042
06050
06115
06295
06391
12914
13387
13415
13463
13472
13595
24344
24398
24417
24437
24872
24955
24992
26788
26936
27028
27053
27082
27176
27627
27631
27661
27761
28456
28756
28791
28962
29008
29329
30793
30800
30846
31010
31040
31530
31953
31972
32178
32518
33150
33447
34750
35428
35548
35904
36053
37123
37723
37745
38067
38310
38367
38509
40066
40544
40555
40558
40602
41106
41121
41221
41255
41405
41498
41568
41586
41637
41688
41800
41863
41988
43886
43919
43987
44259
44338
44498
44520
44526
44623
44625
44677
44679
44706
44707
44844
44916
44918
44940
45004
45030
45056
45130
45133
45169
45213
45289
45315
45369
45405
45431
45442
45516
45532
45571
45573
45626
45691
45706
45719
45830
45860
45879
45881
45882
45886
45901
45913
45923
45954
45955
46039
46046
46088
46103
46111
46138
46150
46187
46222
46298
46300
46306
46316
46332
46333
46338
46339
46342
46343
46353
46355
46356
46358
46360
46364
46365
46369
46373
46392
46394
46403
46425
46459
46461
46515
46532
46563
46598
46615
46655
46685
46757
46786
46830
46854
46940
46944
46970
46976
46993
47000
47001
47003
47004
47006
47007
47008
47009
47010
47011
47012
47014
47015
47016
47052
47056
47112
47131
48402
48406
48410
48416
48422
48493
48571
48572
48576
48579
48586
48588
48592
48609
48639
48673
48715
48810
48841
48909
49011
49183
49192
49218
49237
49262
49274
49284
49330
49365
49372
49378
49389
49394
49401
49403
49413
49419
49427
49444
49445
49459
49467
49476
49486
49508
49511
49526
49638
49793
49809
49868
49938
49963
50009
50119
50164
50199
50252
50332
50367
50394
50411
50415
50440
50531
50533
50632
50677
50709
50718
50768
50783
51167
51356
51462
51537
51562
53050
53205
53354
53367
53387
53659
53814
53864
53882
53906
54619
54729
54793
55000
55144
55476
55548
55550
55566
55662
55664
55754
56080
56219
56420
56623
56649
56803
56824
56888
56999
58649
58681
58746
58823
59063
59117
59134
59550
59571
59575
59580
59606
59624
59699
59758
59807
59891
59973
60185
60254
60298
60420
60445
60538
60626
60642
60643
60645
60647
60648
60649
60661
60662
60667
60668
60670
60673
60675
60676
60680
60683
60685
60687
60689
60693
60697
60698
60704
60705
60706
60712
60715
60718
60726
60730
60735
60741
60752
60755
60756
60759
60760
60763
60764
60787
60791
60797
60798
60889
60914
61013
61216
61219
61227
61289
61624
61907
61934
65038
