53650
61709
53734
50784
53803
50866
50867
50870
50897
53787
50729
50852
50886
56694
50721
50723
50741
50749
50754
50792
50803
50821
50832
50845
50846
50862
50877
50890
50904
56725
53631
53658
53663
53671
53672
53673
53689
53698
53728
53742
53779
53783
53792
53793
53801
53802
53812
53824
61714
56669
56726
56515
56546
56549
56585
56588
56611
56622
56627
56629
56637
56653
56657
56658
56675
56721
56730
56734
56745
56751
61727
61721
59209
61280
59193
59184
59177
59143
59155
59098
59091
59092
59062
59068
59029
59022
59009
59263
59273
59274
59287
59291
59296
59301
59302
59311
61688
61695
61702
61703
61704
61715
61684
61599
61600
61601
61605
61610
61623
61625
61630
61631
61635
61637
61656
61659
61662
61663
61676
61736
61741
61745
61769